((("adb" .
   [2 0 0])
  ("dev_dbg" .
   [0 0 0 0 0 1 0])
  ("cmd" .
   [2 0 0])
  ("pr_info" .
   [1 0 0 0 0 0 0])
  ("__func__" .
   [1 0 0 0 0 0 0 0])
  ("t" .
   [1])
  ("num" .
   [0 0 1])
  ("reg" .
   [1 0 0])
  ("AUTO_FRAME_RATE_DISABLE" .
   [0 0 0 0 0 0 0 0 0 0 0 0 0 0 0 0 1 0 0 0 0 0 0])
  ("ov8858" .
   [0 0 0 0 1 0])
  ("N_OV8858_ID" .
   [0 0 0 0 0 0 1 0 0 0 0])
  ("ov5648" .
   [0 0 1 0 0 0])
  ("N_OV5648_AG" .
   [1 0 0 0 1 0 0 0 0 0 0])
  ("ov5648_ag" .
   [2 0 0 0 0 0 0 0 0])
  ("FALSE" .
   [0 0 0 2 0])
  ("return" .
   [0 0 0 0 0 2])
  ("b52isp_lpipe" .
   [0 0 0 0 0 0 0 0 0 0 0 1])
  ("cur_cmd" .
   [0 0 0 1 0 0 0])
  ("INIT_LIST_HEAD" .
   [0 0 0 0 0 0 0 1 0 0 0 0 0 0])
  ("type" .
   [1 0 0 0])
  ("pm_qos_request" .
   [0 0 0 0 0 0 1 0 0 0 0 0 0 0])
  ("atomic_inc_return" .
   [0 0 0 0 0 0 0 0 0 0 1 0 0 0 0 0 0])
  ("atomic_dec_return" .
   [0 0 0 0 0 0 1 0 0 0 0 1 0 0 0 0 0])
  ("B52ISP_ISD_3D" .
   [0 0 0 0 0 0 0 0 0 0 0 0 2])
  ("SDCODE_B52ISP_A3R1" .
   [1 0 0 0 0 0 0 0 0 0 0 0 0 0 0 0 1 0])
  ("SDCODE_B52ISP_A1W2" .
   [3 0 0 0 0 0 0 0 0 0 0 0 0 0 0 0 0 0])
  ("endif" .
   [1 0 0 0 0])
  ("goto" .
   [0 0 1 0])
  ("r" .
   [1])
  ("logcat" .
   [1 0 0 0 0 0])))
